==== 66d32e6fe0ebbd8c5a831095804370876e7edfbf a63d312498e79b961d87cbeec7a2f347a6d0230d 85200500803bf0ee8874ce52f8015850f5ea8b87 ==== 
==== a63d312498e79b961d87cbeec7a2f347a6d0230d db961da6264a4ec7e7c7e4651d0af0706721bfcd 7059c8b8a160a9e5001efe65c1940a809eccc948 ==== 
1
2
3
4
5
6
7
8
9
10
11
12
13
14
15
16
17
18
19
20
21
22
23
24
25
26
27
28
29
30
31
32
33
34
35
36
37
38
39
40
41
42
43
44
45
46
47
48
49
50
51
52
53
54
55
56
57
58
59
60
61
62
63
64
65
66
67
68
69
70
71
72
73
74
75
76
77
78
79
80
81
82
83
84
85
86
87
90
93
94
97
98
99
100
101
102
103
104
105
106
108
109
110
113
114
115
116
117
118
119
120
121
122
123
125
126
127
129
130
131
132
133
135
137
138
141
144
145
146
147
148
150
153
154
155
156
157
159
160
161
162
163
164
166
167
168
170
171
172
173
174
175
176
177
178
179
180
182
183
184
185
188
190
191
194
196
197
198
199
200
201
202
204
205
208
209
210
211
212
213
214
215
217
218
219
220
221
222
223
224
226
227
228
229
230
232
233
234
235
236
==== c54c6dadd914673763f847771677beb1d2ea1e71 6f3f9fba397ad34430c98a6db7ef535fe32622e8 956716b72733b4560b886233a280a1f292579f08 ==== 
==== 667dec5d2b2a201974902138ebc701a0e66b87c0 d247db2e130a621894780641d69bd60d9c763bde a94bf01f7df542ffd372bbb0d385b39941187b0d ==== 
2211
2452
2491
2505
2514
2519
2520
2521
2524
2526
2530
2532
2536
2553
2558
2569
2570
2576
2582
2583
2586
2591
2595
2596
2602
2603
2604
2605
2613
2617
2618
2619
2620
2622
2625
2626
8260
==== 46130ef6051782a71aa1eaa304fde4f502e090fc eac62f1e0a1270be03d4da9afea83f43a290ee55 956716b72733b4560b886233a280a1f292579f08 ==== 
==== e3c611dd84694d4c51b4a8cd3295328aff4132a5 64297226a04591c44d82ed6c97b0e397e5de5200 cd8c0da6ec3e1b3db17b1fd21e1f19a3bd8f302a ==== 
2344
2351
2352
2353
2355
2356
2358
2359
2364
2365
2368
2370
2372
2374
2375
2381
2388
2390
6904
7434
7447
7462
7464
7473
7555
7578
7580
7583
7586
7587
7593
7602
7603
7604
7606
7612
7616
7618
7619
7620
7626
7628
7629
7630
7632
7633
7636
7637
7638
7646
7649
7650
7651
7655
7658
7663
7667
7672
7673
7677
7681
7682
7686
7690
7691
7693
7697
7701
7712
7713
7714
7715
7719
==== e28b2bca55d94ebe813d327fc04497ece23087f3 d3be3036519dc0f19dc9468637e08057f628bc20 f562618d245cc08f06205b60ad63e0552b222a68 ==== 
==== eb54fa2596ae3980cddb485d43e2b933f7444640 35fe638f8741cfb7b54dc90a902b13b80af83bf3 1ab5cc7d0f9d7748137791043508253af70704a9 ==== 
2292
2299
2300
2310
2322
2326
2327
2332
2333
2341
2342
2343
==== 8f04dd43b4ab1ded3f0e4a1588c4377b8ff10b65 a612d14bb90c8ea98122427291047108bf95cfed 6ca4137c909cdd09afa128ef61117597b02c2ccd ==== 
2280
2281
2287
2289
2294
2295
2297
2298
==== 3f482d0a21dc8158450d3636d8eb17cef212f2ac 1d22fb5e4ba6507845920afc4ed6912ad0eb9765 6ca4137c909cdd09afa128ef61117597b02c2ccd ==== 
2280
2281
2289
2294
2295
2297
2298
==== 1d22fb5e4ba6507845920afc4ed6912ad0eb9765 691c756a99d8bd48c07ffae1bfbcb0629b4b767e 99f79eea6f9eed84c106666ee5c9c4923e98408b ==== 
==== 691c756a99d8bd48c07ffae1bfbcb0629b4b767e 277e7b5611df2651060e0f80b7e8173947877937 9e1480a6c4034eb9f564482cfb7e02ab867358d1 ==== 
==== 512f52f929733e16d68799684c342dac6cd8011c c82e8c6e6a006fcbd0dfdc63c5d3800f420f4d3f 99f79eea6f9eed84c106666ee5c9c4923e98408b ==== 
==== c82e8c6e6a006fcbd0dfdc63c5d3800f420f4d3f d9315a2a2a3a3a0e7571e07b5a7b9edabdf7a8c8 1cd9b70a64500a01079b096019a09028566263fe ==== 
==== 6b1a0f2b22039fe02ad14a67e2adcb5c6650cb40 39be832c11e284fd4fa07f04baa16e68cde67dd2 99f79eea6f9eed84c106666ee5c9c4923e98408b ==== 
==== 39be832c11e284fd4fa07f04baa16e68cde67dd2 6125eb08f01afefafd89bc8af914f43b786e3882 1cd9b70a64500a01079b096019a09028566263fe ==== 
==== 6125eb08f01afefafd89bc8af914f43b786e3882 4e106bbbea80b727fcc474de82c472ac9d404d8f 9e1480a6c4034eb9f564482cfb7e02ab867358d1 ==== 
==== 8b880d77926f0e4d344de26553d710e3caded97a 752c148ff44e684ad0d27a404cbf341f197d554d 42e4c3caa3df8349efb73e5a34ce36af5d2d3d02 ==== 
==== 228b3bc2d619a09748949bd8a160cb698b997792 1d90fe75d5e94d813b49fd9dde47e3dd37999f37 3513c60ffa2d06403760c1c6b9fc8defa1ba7bf9 ==== 
2202
2237
2238
2240
2241
2244
2245
2248
2249
==== 1d90fe75d5e94d813b49fd9dde47e3dd37999f37 6e1b3ce52fb5fe46f93312907b07bd0ede131257 bb1438e08fe830dca25e5c24a5559be36a0bba7b ==== 
2010
2178
2191
2213
2216
2217
2227
2228
==== 6e1b3ce52fb5fe46f93312907b07bd0ede131257 d3db6a17d9a71033bdac62c0a3e9df902734d23f 99f79eea6f9eed84c106666ee5c9c4923e98408b ==== 
