1
2
3
4
5
6
7
8
9
10
11
12
13
14
15
16
17
18
19
20
21
22
23
24
25
26
27
28
29
30
31
32
33
34
35
36
37
38
39
40
41
42
43
44
45
46
47
48
49
50
51
52
53
54
55
56
57
58
59
60
61
62
63
64
65
66
67
68
69
70
71
72
73
74
75
76
77
78
79
80
81
82
83
84
85
86
87
90
93
94
97
98
99
100
101
102
103
104
105
106
108
109
110
113
114
115
116
117
118
119
120
121
122
123
125
126
127
129
130
131
132
133
135
137
138
141
144
145
146
147
148
150
153
154
155
156
157
159
160
161
162
163
164
166
167
168
170
171
172
173
174
175
176
177
178
179
180
182
183
184
185
188
190
191
194
196
197
198
199
200
201
202
204
205
208
209
210
211
212
213
214
215
217
218
219
220
221
222
223
224
226
227
228
229
230
232
233
234
235
236
2010
2178
2191
2202
2211
2213
2216
2217
2227
2228
2237
2238
2240
2241
2244
2245
2248
2249
2280
2281
2287
2289
2292
2294
2295
2297
2298
2299
2300
2310
2322
2326
2327
2332
2333
2341
2342
2343
2344
2351
2352
2353
2355
2356
2358
2359
2364
2365
2368
2370
2372
2374
2375
2381
2388
2390
2452
2491
2505
2514
2519
2520
2521
2524
2526
2530
2532
2536
2553
2558
2569
2570
2576
2582
2583
2586
2591
2595
2596
2602
2603
2604
2605
2613
2617
2618
2619
2620
2622
2625
2626
6904
7434
7447
7462
7464
7473
7555
7578
7580
7583
7586
7587
7593
7602
7603
7604
7606
7612
7616
7618
7619
7620
7626
7628
7629
7630
7632
7633
7636
7637
7638
7646
7649
7650
7651
7655
7658
7663
7667
7672
7673
7677
7681
7682
7686
7690
7691
7693
7697
7701
7712
7713
7714
7715
7719
8260
